1: malobra default
2: malobra quest
3: malobra info
8: teleport animation>blackscreen
9: teleport animation> nothing happens
10: 1060, 99, 274	1060, 98, 266, 1059, 98, 253
11: -180, -480, 246	-180, -481, 253, -179, -481, 266  (port 1)
12: 886, 119, 300	893,118,299,906,118,299
13: -326, -430, 300	-333, -431, 299, -346, -431, 299 
14: 340, 79, 286	340, 78, 293, 340, 78, 306
15: -900, -510, 314	-900, -511, 306, -900, -511, 293
16: 514, 79, -260	506, 78, -259, 493, 78, 260
17: -754, -480, -260	-745, -481, -260, 733, -481, -260
18: 1006, 79, -260	1013, 78, -260, 1026, 78, -260
19: -206, -500, -260	-213, -501, -259, -226, -501, -260
20: 926, 79, -60	933, 78, -60, 946, 78, -60
21: -286, -470, -60	-293, -471, -60, -306, -471, -60
22: 358, 89, 100
23: -918, -430, 100
24: 300, 79, -121
25: -940, -460, -158
26: 420, 79, -241
27: -820 -450 -278
28: 921, 89, -140
29: -281 -440 -140